1
2
3
4
5
6
7
8
1
2
3
4
5
6
7
8
9
10
11
12
13
14
15
16
17
18
1
2
3
4
5
6
7
8
9
10
11
12
13
14
15
16
17
18
19
20
21
22
23
24
25
26
27
28
29
30
31
32
33
34
35
36
37
38
39
40
41
42
43
44
45
46
47
48
49
50
51
52
53
54
55
56
57
58
59
60
61
62
63
64
65
66
67
68
69
70
71
72
73
74
75
76
77
78
79
80
81
82
83
84
85
86
87
88
89
90
91
92
93
94
95
96
97
98
99
100
101
102
103
104
105
106
107
108
109
110
111
112
113
114
115
116
117
118
119
120
121
1
2
3
4
5
6
7
8
1
2
9
3
10
11
4
12
13
5
6
7
8
14
15
16
9
10
11
12
13
14
15
16
17
18
17
18
19
20
21
22
23
24
19
20
21
22
23
24
25
26
27
28
29
30
31
32
33
34
35
36
25
37
26
38
27
39
28
29
30
31
40
32
41
33
42
43
44
34
45
46
35
36
37
47
38
48
39
49
40
41
42
43
44
50
45
46
51
52
53
54
55
56
47
48
49
50
51
52
53
57
54
58
55
59
56
60
61
62
63
64
65
66
67
68
57
58
59
60
61
69
62
70
71
72
73
74
63
64
65
66
67
68
69
70
71
72
73
74
75
76
77
78
79
80
81
82
83
75
84
76
85
77
78
86
79
87
88
89
90
80
81
82
83
91
84
85
92
86
93
94
87
88
89
90
95
96
97
98
99
91
92
93
94
100
101
102
103
104
95
96
97
105
98
99
106
107
100
101
102
103
104
108
109
105
110
111
112
106
107
113
114
115
116
117
118
119
120
121
108
109
110
111
112
113
114
115
116
117
118
119
120
121
1
2
3
4
5
6
1
2
3
7
4
8
5
6
9
10
11
12
13
7
8
9
10
11
12
13
14
15
16
14
15
16
17
18
17
18
19
20
21
19
20
21
22
23
24
22
23
24
25
26
27
28
29
30
31
32
33
25
26
34
27
35
28
29
30
31
32
33
36
37
38
34
35
39
40
36
41
42
37
38
43
44
39
45
46
40
41
42
43
44
47
45
46
48
49
47
48
50
49
51
52
53
54
55
56
50
51
52
53
54
55
56
57
58
59
60
61
62
57
58
59
60
61
63
64
62
65
66
67
68
63
64
65
66
67
68
69
70
71
72
73
74
69
70
71
72
73
74
75
76
77
78
79
75
76
77
78
80
79
81
82
80
81
82
83
84
85
86
87
88
83
89
84
90
85
86
87
88
89
90
91
92
93
94
91
92
93
94
95
96
97
98
99
100
95
96
97
98
99
101
102
103
104
100
105
101
106
102
107
1
2
3
108
109
110
111
112
4
113
5
114
6
115
116
117
7
8
118
119
120
121
9
10
11
12
13
14
15
16
17
18
19
20
21
22
23
24
25
26
27
28
29
30
31
32
33
34
35
36
37
38
39
40
41
42
43
44
45
46
47
48
49
50
51
52
53
54
55
56
57
58
59
60
61
62
63
64
65
66
67
68
69
70
71
72
73
74
75
76
77
78
79
80
81
82
83
84
85
86
87
88
89
90
91
92
93
94
95
96
97
98
99
100
101
102
103
104
105
106
107
108
109
110
111
112
113
114
115
116
117
118
119
120
121
